Port 39: Present, Status = 0x00000002 [ RESET_STATE ]
eeprom: 0  1  2  3  4  5  6  7  8  9  10 11 12 13 14 15
  0000: 03 04 00 00 00 00 08 00 00 00 00 01 0d 00 00 00  -- 15
  0010: 00 00 64 00 46 53 20 20 20 20 20 20 20 20 20 20     31
  0020: 20 20 20 20 00 64 9d 99 53 46 50 2d 47 42 2d 47     47
  0030: 45 2d 54 20 20 20 20 20 41 20 20 20 00 00 00 8e     63
  0040: 00 12 00 00 53 32 31 31 33 35 33 35 34 38 30 20
  0050: 20 20 20 20 32 31 31 31 31 35 20 20 08 00 00 78
  0060: 00 00 00 00 00 00 00 00 4a 38 31 37 37 43 20 31
  0070: 39 39 30 2d 33 36 35 37 b9 40 1a b0 99 a3 4e a6
  0080: 00 00 00 00 00 00 00 00 00 00 00 00 00 00 00 00
  0090: 00 00 00 00 00 00 00 00 00 00 00 00 00 00 00 00
  00a0: 00 00 00 00 00 00 00 00 00 00 00 00 00 00 00 00
  00b0: 00 00 00 00 00 00 00 00 00 00 00 00 00 00 00 00
  00c0: 00 00 00 00 00 00 00 00 00 00 00 00 00 00 00 00
  00d0: 00 00 00 00 00 00 00 00 00 00 00 00 00 00 00 00
  00e0: 00 00 00 00 00 00 00 00 00 00 00 00 00 00 00 00
  00f0: 00 00 00 00 00 00 00 00 00 00 00 00 00 00 00 00
Port 40: Missing.

