
dev_no:         0
id:             1
next:           2
type:           1
flags:          0x0
prio:           255
chan:           1
desc:           
dest_type:      1
dest_id:        1
dest_proto:     0x0
mirror_type:    0
mirror_id:      0
mirror_proto:   0x0
oob_offset:     0
oob_size:       0
pkt_offset:     0
pkt_size:       0
filt_data:      
filt_mask:      
user_data:      00 00 00 00 00 00 00 00 00 00 00 00 00 00 00 00 00 00 00 00 00 00 00 00 00 00 00 00 00 00 00 00 
                00 00 00 00 00 00 00 00 00 00 00 00 00 00 00 00 00 00 00 00 00 00 00 00 00 00 00 00 00 00 00 00 
hits:           0

dev_no:         0
id:             2
next:           3
type:           1
flags:          0x0
prio:           10
chan:           0
desc:           Filter acl_log_all
dest_type:      1
dest_id:        2
dest_proto:     0x0
mirror_type:    0
mirror_id:      0
mirror_proto:   0x0
oob_offset:     60
oob_size:       16
pkt_offset:     0
pkt_size:       0
filt_data:      00 00 00 00 00 00 04 00 00 00 00 00 00 00 00 00 
filt_mask:      ffffffff ffffff80 00 00 ffffffff ffffffff ffffffff ffffffff 00 00 00 00 00 00 00 00 
user_data:      00 00 00 00 00 00 00 00 00 00 00 00 00 00 00 00 00 00 00 00 00 00 00 00 00 00 00 00 00 00 00 00 
                00 00 00 00 00 00 00 00 00 00 00 00 00 00 00 00 00 00 00 00 00 00 00 00 00 00 00 00 00 00 00 00 
hits:           0

dev_no:         0
id:             3
next:           4
type:           1
flags:          0x0
prio:           10
chan:           0
desc:           Filter ingress sflow
dest_type:      1
dest_id:        3
dest_proto:     0x0
mirror_type:    0
mirror_id:      0
mirror_proto:   0x0
oob_offset:     60
oob_size:       16
pkt_offset:     0
pkt_size:       0
filt_data:      00 00 00 00 00 00 00 01 00 00 00 00 00 00 00 00 
filt_mask:      ffffffff ffffff80 00 00 ffffffff ffffffff ffffffff ffffffff 00 00 00 00 00 00 00 00 
user_data:      00 00 00 00 00 00 00 00 00 00 00 00 00 00 00 00 00 00 00 00 00 00 00 00 00 00 00 00 00 00 00 00 
                00 00 00 00 00 00 00 00 00 00 00 00 00 00 00 00 00 00 00 00 00 00 00 00 00 00 00 00 00 00 00 00 
hits:           0

dev_no:         0
id:             4
next:           5
type:           1
flags:          0x0
prio:           10
chan:           0
desc:           Filter egress sflow
dest_type:      1
dest_id:        3
dest_proto:     0x0
mirror_type:    0
mirror_id:      0
mirror_proto:   0x0
oob_offset:     60
oob_size:       16
pkt_offset:     0
pkt_size:       0
filt_data:      00 00 00 00 00 00 00 02 00 00 00 00 00 00 00 00 
filt_mask:      ffffffff ffffff80 00 00 ffffffff ffffffff ffffffff ffffffff 00 00 00 00 00 00 00 00 
user_data:      00 00 00 00 00 00 00 00 00 00 00 00 00 00 00 00 00 00 00 00 00 00 00 00 00 00 00 00 00 00 00 00 
                00 00 00 00 00 00 00 00 00 00 00 00 00 00 00 00 00 00 00 00 00 00 00 00 00 00 00 00 00 00 00 00 
hits:           0

dev_no:         0
id:             5
next:           6
type:           1
flags:          0x0
prio:           100
chan:           0
desc:           Filter swp0
dest_type:      1
dest_id:        4
dest_proto:     0x0
mirror_type:    0
mirror_id:      0
mirror_proto:   0x0
oob_offset:     1
oob_size:       75
pkt_offset:     0
pkt_size:       0
filt_data:      01 00 00 00 00 00 00 00 00 00 00 00 00 00 00 00 00 00 00 00 00 00 00 00 00 00 00 00 00 00 00 00 
                00 00 00 00 00 00 00 00 00 00 00 00 00 00 00 00 00 00 00 00 00 00 00 00 00 00 00 00 00 00 00 00 
                00 00 00 00 00 00 00 00 00 00 00 
filt_mask:      ffffffff 00 00 00 00 00 00 00 00 00 00 00 00 00 00 00 00 00 00 00 00 00 00 00 00 00 00 00 00 00 00 00 
                00 00 00 00 00 00 00 00 00 00 00 00 00 00 00 00 00 00 00 00 00 00 00 00 00 00 00 00 00 00 00 00 
                00 00 00 00 00 00 00 00 00 00 00 
user_data:      00 00 00 00 00 00 00 00 00 00 00 00 00 00 00 00 00 00 00 00 00 00 00 00 00 00 00 00 00 00 00 00 
                00 00 00 00 00 00 00 00 00 00 00 00 00 00 00 00 00 00 00 00 00 00 00 00 00 00 00 00 00 00 00 00 
hits:           0

dev_no:         0
id:             6
next:           7
type:           1
flags:          0x0
prio:           100
chan:           0
desc:           Filter swp1
dest_type:      1
dest_id:        5
dest_proto:     0x0
mirror_type:    0
mirror_id:      0
mirror_proto:   0x0
oob_offset:     1
oob_size:       75
pkt_offset:     0
pkt_size:       0
filt_data:      02 00 00 00 00 00 00 00 00 00 00 00 00 00 00 00 00 00 00 00 00 00 00 00 00 00 00 00 00 00 00 00 
                00 00 00 00 00 00 00 00 00 00 00 00 00 00 00 00 00 00 00 00 00 00 00 00 00 00 00 00 00 00 00 00 
                00 00 00 00 00 00 00 00 00 00 00 
filt_mask:      ffffffff 00 00 00 00 00 00 00 00 00 00 00 00 00 00 00 00 00 00 00 00 00 00 00 00 00 00 00 00 00 00 00 
                00 00 00 00 00 00 00 00 00 00 00 00 00 00 00 00 00 00 00 00 00 00 00 00 00 00 00 00 00 00 00 00 
                00 00 00 00 00 00 00 00 00 00 00 
user_data:      00 00 00 00 00 00 00 00 00 00 00 00 00 00 00 00 00 00 00 00 00 00 00 00 00 00 00 00 00 00 00 00 
                00 00 00 00 00 00 00 00 00 00 00 00 00 00 00 00 00 00 00 00 00 00 00 00 00 00 00 00 00 00 00 00 
hits:           0

dev_no:         0
id:             7
next:           8
type:           1
flags:          0x0
prio:           100
chan:           0
desc:           Filter swp2
dest_type:      1
dest_id:        6
dest_proto:     0x0
mirror_type:    0
mirror_id:      0
mirror_proto:   0x0
oob_offset:     1
oob_size:       75
pkt_offset:     0
pkt_size:       0
filt_data:      03 00 00 00 00 00 00 00 00 00 00 00 00 00 00 00 00 00 00 00 00 00 00 00 00 00 00 00 00 00 00 00 
                00 00 00 00 00 00 00 00 00 00 00 00 00 00 00 00 00 00 00 00 00 00 00 00 00 00 00 00 00 00 00 00 
                00 00 00 00 00 00 00 00 00 00 00 
filt_mask:      ffffffff 00 00 00 00 00 00 00 00 00 00 00 00 00 00 00 00 00 00 00 00 00 00 00 00 00 00 00 00 00 00 00 
                00 00 00 00 00 00 00 00 00 00 00 00 00 00 00 00 00 00 00 00 00 00 00 00 00 00 00 00 00 00 00 00 
                00 00 00 00 00 00 00 00 00 00 00 
user_data:      00 00 00 00 00 00 00 00 00 00 00 00 00 00 00 00 00 00 00 00 00 00 00 00 00 00 00 00 00 00 00 00 
                00 00 00 00 00 00 00 00 00 00 00 00 00 00 00 00 00 00 00 00 00 00 00 00 00 00 00 00 00 00 00 00 
hits:           0

dev_no:         0
id:             8
next:           9
type:           1
flags:          0x0
prio:           100
chan:           0
desc:           Filter swp3
dest_type:      1
dest_id:        7
dest_proto:     0x0
mirror_type:    0
mirror_id:      0
mirror_proto:   0x0
oob_offset:     1
oob_size:       75
pkt_offset:     0
pkt_size:       0
filt_data:      04 00 00 00 00 00 00 00 00 00 00 00 00 00 00 00 00 00 00 00 00 00 00 00 00 00 00 00 00 00 00 00 
                00 00 00 00 00 00 00 00 00 00 00 00 00 00 00 00 00 00 00 00 00 00 00 00 00 00 00 00 00 00 00 00 
                00 00 00 00 00 00 00 00 00 00 00 
filt_mask:      ffffffff 00 00 00 00 00 00 00 00 00 00 00 00 00 00 00 00 00 00 00 00 00 00 00 00 00 00 00 00 00 00 00 
                00 00 00 00 00 00 00 00 00 00 00 00 00 00 00 00 00 00 00 00 00 00 00 00 00 00 00 00 00 00 00 00 
                00 00 00 00 00 00 00 00 00 00 00 
user_data:      00 00 00 00 00 00 00 00 00 00 00 00 00 00 00 00 00 00 00 00 00 00 00 00 00 00 00 00 00 00 00 00 
                00 00 00 00 00 00 00 00 00 00 00 00 00 00 00 00 00 00 00 00 00 00 00 00 00 00 00 00 00 00 00 00 
hits:           0

dev_no:         0
id:             9
next:           10
type:           1
flags:          0x0
prio:           100
chan:           0
desc:           Filter swp4
dest_type:      1
dest_id:        8
dest_proto:     0x0
mirror_type:    0
mirror_id:      0
mirror_proto:   0x0
oob_offset:     1
oob_size:       75
pkt_offset:     0
pkt_size:       0
filt_data:      14 00 00 00 00 00 00 00 00 00 00 00 00 00 00 00 00 00 00 00 00 00 00 00 00 00 00 00 00 00 00 00 
                00 00 00 00 00 00 00 00 00 00 00 00 00 00 00 00 00 00 00 00 00 00 00 00 00 00 00 00 00 00 00 00 
                00 00 00 00 00 00 00 00 00 00 00 
filt_mask:      ffffffff 00 00 00 00 00 00 00 00 00 00 00 00 00 00 00 00 00 00 00 00 00 00 00 00 00 00 00 00 00 00 00 
                00 00 00 00 00 00 00 00 00 00 00 00 00 00 00 00 00 00 00 00 00 00 00 00 00 00 00 00 00 00 00 00 
                00 00 00 00 00 00 00 00 00 00 00 
user_data:      00 00 00 00 00 00 00 00 00 00 00 00 00 00 00 00 00 00 00 00 00 00 00 00 00 00 00 00 00 00 00 00 
                00 00 00 00 00 00 00 00 00 00 00 00 00 00 00 00 00 00 00 00 00 00 00 00 00 00 00 00 00 00 00 00 
hits:           0

dev_no:         0
id:             10
next:           11
type:           1
flags:          0x0
prio:           100
chan:           0
desc:           Filter swp5
dest_type:      1
dest_id:        9
dest_proto:     0x0
mirror_type:    0
mirror_id:      0
mirror_proto:   0x0
oob_offset:     1
oob_size:       75
pkt_offset:     0
pkt_size:       0
filt_data:      15 00 00 00 00 00 00 00 00 00 00 00 00 00 00 00 00 00 00 00 00 00 00 00 00 00 00 00 00 00 00 00 
                00 00 00 00 00 00 00 00 00 00 00 00 00 00 00 00 00 00 00 00 00 00 00 00 00 00 00 00 00 00 00 00 
                00 00 00 00 00 00 00 00 00 00 00 
filt_mask:      ffffffff 00 00 00 00 00 00 00 00 00 00 00 00 00 00 00 00 00 00 00 00 00 00 00 00 00 00 00 00 00 00 00 
                00 00 00 00 00 00 00 00 00 00 00 00 00 00 00 00 00 00 00 00 00 00 00 00 00 00 00 00 00 00 00 00 
                00 00 00 00 00 00 00 00 00 00 00 
user_data:      00 00 00 00 00 00 00 00 00 00 00 00 00 00 00 00 00 00 00 00 00 00 00 00 00 00 00 00 00 00 00 00 
                00 00 00 00 00 00 00 00 00 00 00 00 00 00 00 00 00 00 00 00 00 00 00 00 00 00 00 00 00 00 00 00 
hits:           0

dev_no:         0
id:             11
next:           12
type:           1
flags:          0x0
prio:           100
chan:           0
desc:           Filter swp6
dest_type:      1
dest_id:        10
dest_proto:     0x0
mirror_type:    0
mirror_id:      0
mirror_proto:   0x0
oob_offset:     1
oob_size:       75
pkt_offset:     0
pkt_size:       0
filt_data:      16 00 00 00 00 00 00 00 00 00 00 00 00 00 00 00 00 00 00 00 00 00 00 00 00 00 00 00 00 00 00 00 
                00 00 00 00 00 00 00 00 00 00 00 00 00 00 00 00 00 00 00 00 00 00 00 00 00 00 00 00 00 00 00 00 
                00 00 00 00 00 00 00 00 00 00 00 
filt_mask:      ffffffff 00 00 00 00 00 00 00 00 00 00 00 00 00 00 00 00 00 00 00 00 00 00 00 00 00 00 00 00 00 00 00 
                00 00 00 00 00 00 00 00 00 00 00 00 00 00 00 00 00 00 00 00 00 00 00 00 00 00 00 00 00 00 00 00 
                00 00 00 00 00 00 00 00 00 00 00 
user_data:      00 00 00 00 00 00 00 00 00 00 00 00 00 00 00 00 00 00 00 00 00 00 00 00 00 00 00 00 00 00 00 00 
                00 00 00 00 00 00 00 00 00 00 00 00 00 00 00 00 00 00 00 00 00 00 00 00 00 00 00 00 00 00 00 00 
hits:           0

dev_no:         0
id:             12
next:           13
type:           1
flags:          0x0
prio:           100
chan:           0
desc:           Filter swp7
dest_type:      1
dest_id:        11
dest_proto:     0x0
mirror_type:    0
mirror_id:      0
mirror_proto:   0x0
oob_offset:     1
oob_size:       75
pkt_offset:     0
pkt_size:       0
filt_data:      17 00 00 00 00 00 00 00 00 00 00 00 00 00 00 00 00 00 00 00 00 00 00 00 00 00 00 00 00 00 00 00 
                00 00 00 00 00 00 00 00 00 00 00 00 00 00 00 00 00 00 00 00 00 00 00 00 00 00 00 00 00 00 00 00 
                00 00 00 00 00 00 00 00 00 00 00 
filt_mask:      ffffffff 00 00 00 00 00 00 00 00 00 00 00 00 00 00 00 00 00 00 00 00 00 00 00 00 00 00 00 00 00 00 00 
                00 00 00 00 00 00 00 00 00 00 00 00 00 00 00 00 00 00 00 00 00 00 00 00 00 00 00 00 00 00 00 00 
                00 00 00 00 00 00 00 00 00 00 00 
user_data:      00 00 00 00 00 00 00 00 00 00 00 00 00 00 00 00 00 00 00 00 00 00 00 00 00 00 00 00 00 00 00 00 
                00 00 00 00 00 00 00 00 00 00 00 00 00 00 00 00 00 00 00 00 00 00 00 00 00 00 00 00 00 00 00 00 
hits:           0

dev_no:         0
id:             13
next:           14
type:           1
flags:          0x0
prio:           100
chan:           0
desc:           Filter swp8
dest_type:      1
dest_id:        12
dest_proto:     0x0
mirror_type:    0
mirror_id:      0
mirror_proto:   0x0
oob_offset:     1
oob_size:       75
pkt_offset:     0
pkt_size:       0
filt_data:      28 00 00 00 00 00 00 00 00 00 00 00 00 00 00 00 00 00 00 00 00 00 00 00 00 00 00 00 00 00 00 00 
                00 00 00 00 00 00 00 00 00 00 00 00 00 00 00 00 00 00 00 00 00 00 00 00 00 00 00 00 00 00 00 00 
                00 00 00 00 00 00 00 00 00 00 00 
filt_mask:      ffffffff 00 00 00 00 00 00 00 00 00 00 00 00 00 00 00 00 00 00 00 00 00 00 00 00 00 00 00 00 00 00 00 
                00 00 00 00 00 00 00 00 00 00 00 00 00 00 00 00 00 00 00 00 00 00 00 00 00 00 00 00 00 00 00 00 
                00 00 00 00 00 00 00 00 00 00 00 
user_data:      00 00 00 00 00 00 00 00 00 00 00 00 00 00 00 00 00 00 00 00 00 00 00 00 00 00 00 00 00 00 00 00 
                00 00 00 00 00 00 00 00 00 00 00 00 00 00 00 00 00 00 00 00 00 00 00 00 00 00 00 00 00 00 00 00 
hits:           0

dev_no:         0
id:             14
next:           15
type:           1
flags:          0x0
prio:           100
chan:           0
desc:           Filter swp9s4
dest_type:      1
dest_id:        13
dest_proto:     0x0
mirror_type:    0
mirror_id:      0
mirror_proto:   0x0
oob_offset:     1
oob_size:       75
pkt_offset:     0
pkt_size:       0
filt_data:      31 00 00 00 00 00 00 00 00 00 00 00 00 00 00 00 00 00 00 00 00 00 00 00 00 00 00 00 00 00 00 00 
                00 00 00 00 00 00 00 00 00 00 00 00 00 00 00 00 00 00 00 00 00 00 00 00 00 00 00 00 00 00 00 00 
                00 00 00 00 00 00 00 00 00 00 00 
filt_mask:      ffffffff 00 00 00 00 00 00 00 00 00 00 00 00 00 00 00 00 00 00 00 00 00 00 00 00 00 00 00 00 00 00 00 
                00 00 00 00 00 00 00 00 00 00 00 00 00 00 00 00 00 00 00 00 00 00 00 00 00 00 00 00 00 00 00 00 
                00 00 00 00 00 00 00 00 00 00 00 
user_data:      00 00 00 00 00 00 00 00 00 00 00 00 00 00 00 00 00 00 00 00 00 00 00 00 00 00 00 00 00 00 00 00 
                00 00 00 00 00 00 00 00 00 00 00 00 00 00 00 00 00 00 00 00 00 00 00 00 00 00 00 00 00 00 00 00 
hits:           0

dev_no:         0
id:             15
next:           16
type:           1
flags:          0x0
prio:           100
chan:           0
desc:           Filter swp10s4
dest_type:      1
dest_id:        14
dest_proto:     0x0
mirror_type:    0
mirror_id:      0
mirror_proto:   0x0
oob_offset:     1
oob_size:       75
pkt_offset:     0
pkt_size:       0
filt_data:      2e 00 00 00 00 00 00 00 00 00 00 00 00 00 00 00 00 00 00 00 00 00 00 00 00 00 00 00 00 00 00 00 
                00 00 00 00 00 00 00 00 00 00 00 00 00 00 00 00 00 00 00 00 00 00 00 00 00 00 00 00 00 00 00 00 
                00 00 00 00 00 00 00 00 00 00 00 
filt_mask:      ffffffff 00 00 00 00 00 00 00 00 00 00 00 00 00 00 00 00 00 00 00 00 00 00 00 00 00 00 00 00 00 00 00 
                00 00 00 00 00 00 00 00 00 00 00 00 00 00 00 00 00 00 00 00 00 00 00 00 00 00 00 00 00 00 00 00 
                00 00 00 00 00 00 00 00 00 00 00 
user_data:      00 00 00 00 00 00 00 00 00 00 00 00 00 00 00 00 00 00 00 00 00 00 00 00 00 00 00 00 00 00 00 00 
                00 00 00 00 00 00 00 00 00 00 00 00 00 00 00 00 00 00 00 00 00 00 00 00 00 00 00 00 00 00 00 00 
hits:           0

dev_no:         0
id:             16
next:           17
type:           1
flags:          0x0
prio:           100
chan:           0
desc:           Filter swp11
dest_type:      1
dest_id:        15
dest_proto:     0x0
mirror_type:    0
mirror_id:      0
mirror_proto:   0x0
oob_offset:     1
oob_size:       75
pkt_offset:     0
pkt_size:       0
filt_data:      2b 00 00 00 00 00 00 00 00 00 00 00 00 00 00 00 00 00 00 00 00 00 00 00 00 00 00 00 00 00 00 00 
                00 00 00 00 00 00 00 00 00 00 00 00 00 00 00 00 00 00 00 00 00 00 00 00 00 00 00 00 00 00 00 00 
                00 00 00 00 00 00 00 00 00 00 00 
filt_mask:      ffffffff 00 00 00 00 00 00 00 00 00 00 00 00 00 00 00 00 00 00 00 00 00 00 00 00 00 00 00 00 00 00 00 
                00 00 00 00 00 00 00 00 00 00 00 00 00 00 00 00 00 00 00 00 00 00 00 00 00 00 00 00 00 00 00 00 
                00 00 00 00 00 00 00 00 00 00 00 
user_data:      00 00 00 00 00 00 00 00 00 00 00 00 00 00 00 00 00 00 00 00 00 00 00 00 00 00 00 00 00 00 00 00 
                00 00 00 00 00 00 00 00 00 00 00 00 00 00 00 00 00 00 00 00 00 00 00 00 00 00 00 00 00 00 00 00 
hits:           0

dev_no:         0
id:             17
next:           18
type:           1
flags:          0x0
prio:           100
chan:           0
desc:           Filter swp12
dest_type:      1
dest_id:        16
dest_proto:     0x0
mirror_type:    0
mirror_id:      0
mirror_proto:   0x0
oob_offset:     1
oob_size:       75
pkt_offset:     0
pkt_size:       0
filt_data:      3c 00 00 00 00 00 00 00 00 00 00 00 00 00 00 00 00 00 00 00 00 00 00 00 00 00 00 00 00 00 00 00 
                00 00 00 00 00 00 00 00 00 00 00 00 00 00 00 00 00 00 00 00 00 00 00 00 00 00 00 00 00 00 00 00 
                00 00 00 00 00 00 00 00 00 00 00 
filt_mask:      ffffffff 00 00 00 00 00 00 00 00 00 00 00 00 00 00 00 00 00 00 00 00 00 00 00 00 00 00 00 00 00 00 00 
                00 00 00 00 00 00 00 00 00 00 00 00 00 00 00 00 00 00 00 00 00 00 00 00 00 00 00 00 00 00 00 00 
                00 00 00 00 00 00 00 00 00 00 00 
user_data:      00 00 00 00 00 00 00 00 00 00 00 00 00 00 00 00 00 00 00 00 00 00 00 00 00 00 00 00 00 00 00 00 
                00 00 00 00 00 00 00 00 00 00 00 00 00 00 00 00 00 00 00 00 00 00 00 00 00 00 00 00 00 00 00 00 
hits:           0

dev_no:         0
id:             18
next:           19
type:           1
flags:          0x0
prio:           100
chan:           0
desc:           Filter swp13
dest_type:      1
dest_id:        17
dest_proto:     0x0
mirror_type:    0
mirror_id:      0
mirror_proto:   0x0
oob_offset:     1
oob_size:       75
pkt_offset:     0
pkt_size:       0
filt_data:      3d 00 00 00 00 00 00 00 00 00 00 00 00 00 00 00 00 00 00 00 00 00 00 00 00 00 00 00 00 00 00 00 
                00 00 00 00 00 00 00 00 00 00 00 00 00 00 00 00 00 00 00 00 00 00 00 00 00 00 00 00 00 00 00 00 
                00 00 00 00 00 00 00 00 00 00 00 
filt_mask:      ffffffff 00 00 00 00 00 00 00 00 00 00 00 00 00 00 00 00 00 00 00 00 00 00 00 00 00 00 00 00 00 00 00 
                00 00 00 00 00 00 00 00 00 00 00 00 00 00 00 00 00 00 00 00 00 00 00 00 00 00 00 00 00 00 00 00 
                00 00 00 00 00 00 00 00 00 00 00 
user_data:      00 00 00 00 00 00 00 00 00 00 00 00 00 00 00 00 00 00 00 00 00 00 00 00 00 00 00 00 00 00 00 00 
                00 00 00 00 00 00 00 00 00 00 00 00 00 00 00 00 00 00 00 00 00 00 00 00 00 00 00 00 00 00 00 00 
hits:           0

dev_no:         0
id:             19
next:           20
type:           1
flags:          0x0
prio:           100
chan:           0
desc:           Filter swp14
dest_type:      1
dest_id:        18
dest_proto:     0x0
mirror_type:    0
mirror_id:      0
mirror_proto:   0x0
oob_offset:     1
oob_size:       75
pkt_offset:     0
pkt_size:       0
filt_data:      3e 00 00 00 00 00 00 00 00 00 00 00 00 00 00 00 00 00 00 00 00 00 00 00 00 00 00 00 00 00 00 00 
                00 00 00 00 00 00 00 00 00 00 00 00 00 00 00 00 00 00 00 00 00 00 00 00 00 00 00 00 00 00 00 00 
                00 00 00 00 00 00 00 00 00 00 00 
filt_mask:      ffffffff 00 00 00 00 00 00 00 00 00 00 00 00 00 00 00 00 00 00 00 00 00 00 00 00 00 00 00 00 00 00 00 
                00 00 00 00 00 00 00 00 00 00 00 00 00 00 00 00 00 00 00 00 00 00 00 00 00 00 00 00 00 00 00 00 
                00 00 00 00 00 00 00 00 00 00 00 
user_data:      00 00 00 00 00 00 00 00 00 00 00 00 00 00 00 00 00 00 00 00 00 00 00 00 00 00 00 00 00 00 00 00 
                00 00 00 00 00 00 00 00 00 00 00 00 00 00 00 00 00 00 00 00 00 00 00 00 00 00 00 00 00 00 00 00 
hits:           0

dev_no:         0
id:             20
next:           21
type:           1
flags:          0x0
prio:           100
chan:           0
desc:           Filter swp15
dest_type:      1
dest_id:        19
dest_proto:     0x0
mirror_type:    0
mirror_id:      0
mirror_proto:   0x0
oob_offset:     1
oob_size:       75
pkt_offset:     0
pkt_size:       0
filt_data:      3f 00 00 00 00 00 00 00 00 00 00 00 00 00 00 00 00 00 00 00 00 00 00 00 00 00 00 00 00 00 00 00 
                00 00 00 00 00 00 00 00 00 00 00 00 00 00 00 00 00 00 00 00 00 00 00 00 00 00 00 00 00 00 00 00 
                00 00 00 00 00 00 00 00 00 00 00 
filt_mask:      ffffffff 00 00 00 00 00 00 00 00 00 00 00 00 00 00 00 00 00 00 00 00 00 00 00 00 00 00 00 00 00 00 00 
                00 00 00 00 00 00 00 00 00 00 00 00 00 00 00 00 00 00 00 00 00 00 00 00 00 00 00 00 00 00 00 00 
                00 00 00 00 00 00 00 00 00 00 00 
user_data:      00 00 00 00 00 00 00 00 00 00 00 00 00 00 00 00 00 00 00 00 00 00 00 00 00 00 00 00 00 00 00 00 
                00 00 00 00 00 00 00 00 00 00 00 00 00 00 00 00 00 00 00 00 00 00 00 00 00 00 00 00 00 00 00 00 
hits:           0

dev_no:         0
id:             21
next:           22
type:           1
flags:          0x0
prio:           100
chan:           0
desc:           Filter swp16
dest_type:      1
dest_id:        20
dest_proto:     0x0
mirror_type:    0
mirror_id:      0
mirror_proto:   0x0
oob_offset:     1
oob_size:       75
pkt_offset:     0
pkt_size:       0
filt_data:      50 00 00 00 00 00 00 00 00 00 00 00 00 00 00 00 00 00 00 00 00 00 00 00 00 00 00 00 00 00 00 00 
                00 00 00 00 00 00 00 00 00 00 00 00 00 00 00 00 00 00 00 00 00 00 00 00 00 00 00 00 00 00 00 00 
                00 00 00 00 00 00 00 00 00 00 00 
filt_mask:      ffffffff 00 00 00 00 00 00 00 00 00 00 00 00 00 00 00 00 00 00 00 00 00 00 00 00 00 00 00 00 00 00 00 
                00 00 00 00 00 00 00 00 00 00 00 00 00 00 00 00 00 00 00 00 00 00 00 00 00 00 00 00 00 00 00 00 
                00 00 00 00 00 00 00 00 00 00 00 
user_data:      00 00 00 00 00 00 00 00 00 00 00 00 00 00 00 00 00 00 00 00 00 00 00 00 00 00 00 00 00 00 00 00 
                00 00 00 00 00 00 00 00 00 00 00 00 00 00 00 00 00 00 00 00 00 00 00 00 00 00 00 00 00 00 00 00 
hits:           0

dev_no:         0
id:             22
next:           23
type:           1
flags:          0x0
prio:           100
chan:           0
desc:           Filter swp17
dest_type:      1
dest_id:        21
dest_proto:     0x0
mirror_type:    0
mirror_id:      0
mirror_proto:   0x0
oob_offset:     1
oob_size:       75
pkt_offset:     0
pkt_size:       0
filt_data:      51 00 00 00 00 00 00 00 00 00 00 00 00 00 00 00 00 00 00 00 00 00 00 00 00 00 00 00 00 00 00 00 
                00 00 00 00 00 00 00 00 00 00 00 00 00 00 00 00 00 00 00 00 00 00 00 00 00 00 00 00 00 00 00 00 
                00 00 00 00 00 00 00 00 00 00 00 
filt_mask:      ffffffff 00 00 00 00 00 00 00 00 00 00 00 00 00 00 00 00 00 00 00 00 00 00 00 00 00 00 00 00 00 00 00 
                00 00 00 00 00 00 00 00 00 00 00 00 00 00 00 00 00 00 00 00 00 00 00 00 00 00 00 00 00 00 00 00 
                00 00 00 00 00 00 00 00 00 00 00 
user_data:      00 00 00 00 00 00 00 00 00 00 00 00 00 00 00 00 00 00 00 00 00 00 00 00 00 00 00 00 00 00 00 00 
                00 00 00 00 00 00 00 00 00 00 00 00 00 00 00 00 00 00 00 00 00 00 00 00 00 00 00 00 00 00 00 00 
hits:           0

dev_no:         0
id:             23
next:           24
type:           1
flags:          0x0
prio:           100
chan:           0
desc:           Filter swp18
dest_type:      1
dest_id:        22
dest_proto:     0x0
mirror_type:    0
mirror_id:      0
mirror_proto:   0x0
oob_offset:     1
oob_size:       75
pkt_offset:     0
pkt_size:       0
filt_data:      52 00 00 00 00 00 00 00 00 00 00 00 00 00 00 00 00 00 00 00 00 00 00 00 00 00 00 00 00 00 00 00 
                00 00 00 00 00 00 00 00 00 00 00 00 00 00 00 00 00 00 00 00 00 00 00 00 00 00 00 00 00 00 00 00 
                00 00 00 00 00 00 00 00 00 00 00 
filt_mask:      ffffffff 00 00 00 00 00 00 00 00 00 00 00 00 00 00 00 00 00 00 00 00 00 00 00 00 00 00 00 00 00 00 00 
                00 00 00 00 00 00 00 00 00 00 00 00 00 00 00 00 00 00 00 00 00 00 00 00 00 00 00 00 00 00 00 00 
                00 00 00 00 00 00 00 00 00 00 00 
user_data:      00 00 00 00 00 00 00 00 00 00 00 00 00 00 00 00 00 00 00 00 00 00 00 00 00 00 00 00 00 00 00 00 
                00 00 00 00 00 00 00 00 00 00 00 00 00 00 00 00 00 00 00 00 00 00 00 00 00 00 00 00 00 00 00 00 
hits:           0

dev_no:         0
id:             24
next:           25
type:           1
flags:          0x0
prio:           100
chan:           0
desc:           Filter swp19
dest_type:      1
dest_id:        23
dest_proto:     0x0
mirror_type:    0
mirror_id:      0
mirror_proto:   0x0
oob_offset:     1
oob_size:       75
pkt_offset:     0
pkt_size:       0
filt_data:      53 00 00 00 00 00 00 00 00 00 00 00 00 00 00 00 00 00 00 00 00 00 00 00 00 00 00 00 00 00 00 00 
                00 00 00 00 00 00 00 00 00 00 00 00 00 00 00 00 00 00 00 00 00 00 00 00 00 00 00 00 00 00 00 00 
                00 00 00 00 00 00 00 00 00 00 00 
filt_mask:      ffffffff 00 00 00 00 00 00 00 00 00 00 00 00 00 00 00 00 00 00 00 00 00 00 00 00 00 00 00 00 00 00 00 
                00 00 00 00 00 00 00 00 00 00 00 00 00 00 00 00 00 00 00 00 00 00 00 00 00 00 00 00 00 00 00 00 
                00 00 00 00 00 00 00 00 00 00 00 
user_data:      00 00 00 00 00 00 00 00 00 00 00 00 00 00 00 00 00 00 00 00 00 00 00 00 00 00 00 00 00 00 00 00 
                00 00 00 00 00 00 00 00 00 00 00 00 00 00 00 00 00 00 00 00 00 00 00 00 00 00 00 00 00 00 00 00 
hits:           0

dev_no:         0
id:             25
next:           26
type:           1
flags:          0x0
prio:           100
chan:           0
desc:           Filter swp20
dest_type:      1
dest_id:        24
dest_proto:     0x0
mirror_type:    0
mirror_id:      0
mirror_proto:   0x0
oob_offset:     1
oob_size:       75
pkt_offset:     0
pkt_size:       0
filt_data:      64 00 00 00 00 00 00 00 00 00 00 00 00 00 00 00 00 00 00 00 00 00 00 00 00 00 00 00 00 00 00 00 
                00 00 00 00 00 00 00 00 00 00 00 00 00 00 00 00 00 00 00 00 00 00 00 00 00 00 00 00 00 00 00 00 
                00 00 00 00 00 00 00 00 00 00 00 
filt_mask:      ffffffff 00 00 00 00 00 00 00 00 00 00 00 00 00 00 00 00 00 00 00 00 00 00 00 00 00 00 00 00 00 00 00 
                00 00 00 00 00 00 00 00 00 00 00 00 00 00 00 00 00 00 00 00 00 00 00 00 00 00 00 00 00 00 00 00 
                00 00 00 00 00 00 00 00 00 00 00 
user_data:      00 00 00 00 00 00 00 00 00 00 00 00 00 00 00 00 00 00 00 00 00 00 00 00 00 00 00 00 00 00 00 00 
                00 00 00 00 00 00 00 00 00 00 00 00 00 00 00 00 00 00 00 00 00 00 00 00 00 00 00 00 00 00 00 00 
hits:           0

dev_no:         0
id:             26
next:           27
type:           1
flags:          0x0
prio:           100
chan:           0
desc:           Filter swp21
dest_type:      1
dest_id:        25
dest_proto:     0x0
mirror_type:    0
mirror_id:      0
mirror_proto:   0x0
oob_offset:     1
oob_size:       75
pkt_offset:     0
pkt_size:       0
filt_data:      65 00 00 00 00 00 00 00 00 00 00 00 00 00 00 00 00 00 00 00 00 00 00 00 00 00 00 00 00 00 00 00 
                00 00 00 00 00 00 00 00 00 00 00 00 00 00 00 00 00 00 00 00 00 00 00 00 00 00 00 00 00 00 00 00 
                00 00 00 00 00 00 00 00 00 00 00 
filt_mask:      ffffffff 00 00 00 00 00 00 00 00 00 00 00 00 00 00 00 00 00 00 00 00 00 00 00 00 00 00 00 00 00 00 00 
                00 00 00 00 00 00 00 00 00 00 00 00 00 00 00 00 00 00 00 00 00 00 00 00 00 00 00 00 00 00 00 00 
                00 00 00 00 00 00 00 00 00 00 00 
user_data:      00 00 00 00 00 00 00 00 00 00 00 00 00 00 00 00 00 00 00 00 00 00 00 00 00 00 00 00 00 00 00 00 
                00 00 00 00 00 00 00 00 00 00 00 00 00 00 00 00 00 00 00 00 00 00 00 00 00 00 00 00 00 00 00 00 
hits:           0

dev_no:         0
id:             27
next:           28
type:           1
flags:          0x0
prio:           100
chan:           0
desc:           Filter swp22
dest_type:      1
dest_id:        26
dest_proto:     0x0
mirror_type:    0
mirror_id:      0
mirror_proto:   0x0
oob_offset:     1
oob_size:       75
pkt_offset:     0
pkt_size:       0
filt_data:      66 00 00 00 00 00 00 00 00 00 00 00 00 00 00 00 00 00 00 00 00 00 00 00 00 00 00 00 00 00 00 00 
                00 00 00 00 00 00 00 00 00 00 00 00 00 00 00 00 00 00 00 00 00 00 00 00 00 00 00 00 00 00 00 00 
                00 00 00 00 00 00 00 00 00 00 00 
filt_mask:      ffffffff 00 00 00 00 00 00 00 00 00 00 00 00 00 00 00 00 00 00 00 00 00 00 00 00 00 00 00 00 00 00 00 
                00 00 00 00 00 00 00 00 00 00 00 00 00 00 00 00 00 00 00 00 00 00 00 00 00 00 00 00 00 00 00 00 
                00 00 00 00 00 00 00 00 00 00 00 
user_data:      00 00 00 00 00 00 00 00 00 00 00 00 00 00 00 00 00 00 00 00 00 00 00 00 00 00 00 00 00 00 00 00 
                00 00 00 00 00 00 00 00 00 00 00 00 00 00 00 00 00 00 00 00 00 00 00 00 00 00 00 00 00 00 00 00 
hits:           0

dev_no:         0
id:             28
next:           29
type:           1
flags:          0x0
prio:           100
chan:           0
desc:           Filter swp23
dest_type:      1
dest_id:        27
dest_proto:     0x0
mirror_type:    0
mirror_id:      0
mirror_proto:   0x0
oob_offset:     1
oob_size:       75
pkt_offset:     0
pkt_size:       0
filt_data:      67 00 00 00 00 00 00 00 00 00 00 00 00 00 00 00 00 00 00 00 00 00 00 00 00 00 00 00 00 00 00 00 
                00 00 00 00 00 00 00 00 00 00 00 00 00 00 00 00 00 00 00 00 00 00 00 00 00 00 00 00 00 00 00 00 
                00 00 00 00 00 00 00 00 00 00 00 
filt_mask:      ffffffff 00 00 00 00 00 00 00 00 00 00 00 00 00 00 00 00 00 00 00 00 00 00 00 00 00 00 00 00 00 00 00 
                00 00 00 00 00 00 00 00 00 00 00 00 00 00 00 00 00 00 00 00 00 00 00 00 00 00 00 00 00 00 00 00 
                00 00 00 00 00 00 00 00 00 00 00 
user_data:      00 00 00 00 00 00 00 00 00 00 00 00 00 00 00 00 00 00 00 00 00 00 00 00 00 00 00 00 00 00 00 00 
                00 00 00 00 00 00 00 00 00 00 00 00 00 00 00 00 00 00 00 00 00 00 00 00 00 00 00 00 00 00 00 00 
hits:           0

dev_no:         0
id:             29
next:           30
type:           1
flags:          0x0
prio:           100
chan:           0
desc:           Filter swp24
dest_type:      1
dest_id:        28
dest_proto:     0x0
mirror_type:    0
mirror_id:      0
mirror_proto:   0x0
oob_offset:     1
oob_size:       75
pkt_offset:     0
pkt_size:       0
filt_data:      78 00 00 00 00 00 00 00 00 00 00 00 00 00 00 00 00 00 00 00 00 00 00 00 00 00 00 00 00 00 00 00 
                00 00 00 00 00 00 00 00 00 00 00 00 00 00 00 00 00 00 00 00 00 00 00 00 00 00 00 00 00 00 00 00 
                00 00 00 00 00 00 00 00 00 00 00 
filt_mask:      ffffffff 00 00 00 00 00 00 00 00 00 00 00 00 00 00 00 00 00 00 00 00 00 00 00 00 00 00 00 00 00 00 00 
                00 00 00 00 00 00 00 00 00 00 00 00 00 00 00 00 00 00 00 00 00 00 00 00 00 00 00 00 00 00 00 00 
                00 00 00 00 00 00 00 00 00 00 00 
user_data:      00 00 00 00 00 00 00 00 00 00 00 00 00 00 00 00 00 00 00 00 00 00 00 00 00 00 00 00 00 00 00 00 
                00 00 00 00 00 00 00 00 00 00 00 00 00 00 00 00 00 00 00 00 00 00 00 00 00 00 00 00 00 00 00 00 
hits:           0

dev_no:         0
id:             30
next:           31
type:           1
flags:          0x0
prio:           100
chan:           0
desc:           Filter swp25
dest_type:      1
dest_id:        29
dest_proto:     0x0
mirror_type:    0
mirror_id:      0
mirror_proto:   0x0
oob_offset:     1
oob_size:       75
pkt_offset:     0
pkt_size:       0
filt_data:      79 00 00 00 00 00 00 00 00 00 00 00 00 00 00 00 00 00 00 00 00 00 00 00 00 00 00 00 00 00 00 00 
                00 00 00 00 00 00 00 00 00 00 00 00 00 00 00 00 00 00 00 00 00 00 00 00 00 00 00 00 00 00 00 00 
                00 00 00 00 00 00 00 00 00 00 00 
filt_mask:      ffffffff 00 00 00 00 00 00 00 00 00 00 00 00 00 00 00 00 00 00 00 00 00 00 00 00 00 00 00 00 00 00 00 
                00 00 00 00 00 00 00 00 00 00 00 00 00 00 00 00 00 00 00 00 00 00 00 00 00 00 00 00 00 00 00 00 
                00 00 00 00 00 00 00 00 00 00 00 
user_data:      00 00 00 00 00 00 00 00 00 00 00 00 00 00 00 00 00 00 00 00 00 00 00 00 00 00 00 00 00 00 00 00 
                00 00 00 00 00 00 00 00 00 00 00 00 00 00 00 00 00 00 00 00 00 00 00 00 00 00 00 00 00 00 00 00 
hits:           0

dev_no:         0
id:             31
next:           32
type:           1
flags:          0x0
prio:           100
chan:           0
desc:           Filter swp26
dest_type:      1
dest_id:        30
dest_proto:     0x0
mirror_type:    0
mirror_id:      0
mirror_proto:   0x0
oob_offset:     1
oob_size:       75
pkt_offset:     0
pkt_size:       0
filt_data:      7a 00 00 00 00 00 00 00 00 00 00 00 00 00 00 00 00 00 00 00 00 00 00 00 00 00 00 00 00 00 00 00 
                00 00 00 00 00 00 00 00 00 00 00 00 00 00 00 00 00 00 00 00 00 00 00 00 00 00 00 00 00 00 00 00 
                00 00 00 00 00 00 00 00 00 00 00 
filt_mask:      ffffffff 00 00 00 00 00 00 00 00 00 00 00 00 00 00 00 00 00 00 00 00 00 00 00 00 00 00 00 00 00 00 00 
                00 00 00 00 00 00 00 00 00 00 00 00 00 00 00 00 00 00 00 00 00 00 00 00 00 00 00 00 00 00 00 00 
                00 00 00 00 00 00 00 00 00 00 00 
user_data:      00 00 00 00 00 00 00 00 00 00 00 00 00 00 00 00 00 00 00 00 00 00 00 00 00 00 00 00 00 00 00 00 
                00 00 00 00 00 00 00 00 00 00 00 00 00 00 00 00 00 00 00 00 00 00 00 00 00 00 00 00 00 00 00 00 
hits:           0

dev_no:         0
id:             32
next:           33
type:           1
flags:          0x0
prio:           100
chan:           0
desc:           Filter swp27
dest_type:      1
dest_id:        31
dest_proto:     0x0
mirror_type:    0
mirror_id:      0
mirror_proto:   0x0
oob_offset:     1
oob_size:       75
pkt_offset:     0
pkt_size:       0
filt_data:      7b 00 00 00 00 00 00 00 00 00 00 00 00 00 00 00 00 00 00 00 00 00 00 00 00 00 00 00 00 00 00 00 
                00 00 00 00 00 00 00 00 00 00 00 00 00 00 00 00 00 00 00 00 00 00 00 00 00 00 00 00 00 00 00 00 
                00 00 00 00 00 00 00 00 00 00 00 
filt_mask:      ffffffff 00 00 00 00 00 00 00 00 00 00 00 00 00 00 00 00 00 00 00 00 00 00 00 00 00 00 00 00 00 00 00 
                00 00 00 00 00 00 00 00 00 00 00 00 00 00 00 00 00 00 00 00 00 00 00 00 00 00 00 00 00 00 00 00 
                00 00 00 00 00 00 00 00 00 00 00 
user_data:      00 00 00 00 00 00 00 00 00 00 00 00 00 00 00 00 00 00 00 00 00 00 00 00 00 00 00 00 00 00 00 00 
                00 00 00 00 00 00 00 00 00 00 00 00 00 00 00 00 00 00 00 00 00 00 00 00 00 00 00 00 00 00 00 00 
hits:           0

dev_no:         0
id:             33
next:           34
type:           1
flags:          0x0
prio:           100
chan:           0
desc:           Filter swp28
dest_type:      1
dest_id:        32
dest_proto:     0x0
mirror_type:    0
mirror_id:      0
mirror_proto:   0x0
oob_offset:     1
oob_size:       75
pkt_offset:     0
pkt_size:       0
filt_data:      ffffff8c 00 00 00 00 00 00 00 00 00 00 00 00 00 00 00 00 00 00 00 00 00 00 00 00 00 00 00 00 00 00 00 
                00 00 00 00 00 00 00 00 00 00 00 00 00 00 00 00 00 00 00 00 00 00 00 00 00 00 00 00 00 00 00 00 
                00 00 00 00 00 00 00 00 00 00 00 
filt_mask:      ffffffff 00 00 00 00 00 00 00 00 00 00 00 00 00 00 00 00 00 00 00 00 00 00 00 00 00 00 00 00 00 00 00 
                00 00 00 00 00 00 00 00 00 00 00 00 00 00 00 00 00 00 00 00 00 00 00 00 00 00 00 00 00 00 00 00 
                00 00 00 00 00 00 00 00 00 00 00 
user_data:      00 00 00 00 00 00 00 00 00 00 00 00 00 00 00 00 00 00 00 00 00 00 00 00 00 00 00 00 00 00 00 00 
                00 00 00 00 00 00 00 00 00 00 00 00 00 00 00 00 00 00 00 00 00 00 00 00 00 00 00 00 00 00 00 00 
hits:           0

dev_no:         0
id:             34
next:           35
type:           1
flags:          0x0
prio:           100
chan:           0
desc:           Filter swp29
dest_type:      1
dest_id:        33
dest_proto:     0x0
mirror_type:    0
mirror_id:      0
mirror_proto:   0x0
oob_offset:     1
oob_size:       75
pkt_offset:     0
pkt_size:       0
filt_data:      ffffff8d 00 00 00 00 00 00 00 00 00 00 00 00 00 00 00 00 00 00 00 00 00 00 00 00 00 00 00 00 00 00 00 
                00 00 00 00 00 00 00 00 00 00 00 00 00 00 00 00 00 00 00 00 00 00 00 00 00 00 00 00 00 00 00 00 
                00 00 00 00 00 00 00 00 00 00 00 
filt_mask:      ffffffff 00 00 00 00 00 00 00 00 00 00 00 00 00 00 00 00 00 00 00 00 00 00 00 00 00 00 00 00 00 00 00 
                00 00 00 00 00 00 00 00 00 00 00 00 00 00 00 00 00 00 00 00 00 00 00 00 00 00 00 00 00 00 00 00 
                00 00 00 00 00 00 00 00 00 00 00 
user_data:      00 00 00 00 00 00 00 00 00 00 00 00 00 00 00 00 00 00 00 00 00 00 00 00 00 00 00 00 00 00 00 00 
                00 00 00 00 00 00 00 00 00 00 00 00 00 00 00 00 00 00 00 00 00 00 00 00 00 00 00 00 00 00 00 00 
hits:           0

dev_no:         0
id:             35
next:           36
type:           1
flags:          0x0
prio:           100
chan:           0
desc:           Filter swp30
dest_type:      1
dest_id:        34
dest_proto:     0x0
mirror_type:    0
mirror_id:      0
mirror_proto:   0x0
oob_offset:     1
oob_size:       75
pkt_offset:     0
pkt_size:       0
filt_data:      ffffff8e 00 00 00 00 00 00 00 00 00 00 00 00 00 00 00 00 00 00 00 00 00 00 00 00 00 00 00 00 00 00 00 
                00 00 00 00 00 00 00 00 00 00 00 00 00 00 00 00 00 00 00 00 00 00 00 00 00 00 00 00 00 00 00 00 
                00 00 00 00 00 00 00 00 00 00 00 
filt_mask:      ffffffff 00 00 00 00 00 00 00 00 00 00 00 00 00 00 00 00 00 00 00 00 00 00 00 00 00 00 00 00 00 00 00 
                00 00 00 00 00 00 00 00 00 00 00 00 00 00 00 00 00 00 00 00 00 00 00 00 00 00 00 00 00 00 00 00 
                00 00 00 00 00 00 00 00 00 00 00 
user_data:      00 00 00 00 00 00 00 00 00 00 00 00 00 00 00 00 00 00 00 00 00 00 00 00 00 00 00 00 00 00 00 00 
                00 00 00 00 00 00 00 00 00 00 00 00 00 00 00 00 00 00 00 00 00 00 00 00 00 00 00 00 00 00 00 00 
hits:           0

dev_no:         0
id:             36
next:           37
type:           1
flags:          0x0
prio:           100
chan:           0
desc:           Filter swp31
dest_type:      1
dest_id:        35
dest_proto:     0x0
mirror_type:    0
mirror_id:      0
mirror_proto:   0x0
oob_offset:     1
oob_size:       75
pkt_offset:     0
pkt_size:       0
filt_data:      ffffff8f 00 00 00 00 00 00 00 00 00 00 00 00 00 00 00 00 00 00 00 00 00 00 00 00 00 00 00 00 00 00 00 
                00 00 00 00 00 00 00 00 00 00 00 00 00 00 00 00 00 00 00 00 00 00 00 00 00 00 00 00 00 00 00 00 
                00 00 00 00 00 00 00 00 00 00 00 
filt_mask:      ffffffff 00 00 00 00 00 00 00 00 00 00 00 00 00 00 00 00 00 00 00 00 00 00 00 00 00 00 00 00 00 00 00 
                00 00 00 00 00 00 00 00 00 00 00 00 00 00 00 00 00 00 00 00 00 00 00 00 00 00 00 00 00 00 00 00 
                00 00 00 00 00 00 00 00 00 00 00 
user_data:      00 00 00 00 00 00 00 00 00 00 00 00 00 00 00 00 00 00 00 00 00 00 00 00 00 00 00 00 00 00 00 00 
                00 00 00 00 00 00 00 00 00 00 00 00 00 00 00 00 00 00 00 00 00 00 00 00 00 00 00 00 00 00 00 00 
hits:           0

dev_no:         0
id:             37
next:           38
type:           1
flags:          0x0
prio:           100
chan:           0
desc:           Filter swp10s3
dest_type:      1
dest_id:        36
dest_proto:     0x0
mirror_type:    0
mirror_id:      0
mirror_proto:   0x0
oob_offset:     1
oob_size:       75
pkt_offset:     0
pkt_size:       0
filt_data:      2d 00 00 00 00 00 00 00 00 00 00 00 00 00 00 00 00 00 00 00 00 00 00 00 00 00 00 00 00 00 00 00 
                00 00 00 00 00 00 00 00 00 00 00 00 00 00 00 00 00 00 00 00 00 00 00 00 00 00 00 00 00 00 00 00 
                00 00 00 00 00 00 00 00 00 00 00 
filt_mask:      ffffffff 00 00 00 00 00 00 00 00 00 00 00 00 00 00 00 00 00 00 00 00 00 00 00 00 00 00 00 00 00 00 00 
                00 00 00 00 00 00 00 00 00 00 00 00 00 00 00 00 00 00 00 00 00 00 00 00 00 00 00 00 00 00 00 00 
                00 00 00 00 00 00 00 00 00 00 00 
user_data:      00 00 00 00 00 00 00 00 00 00 00 00 00 00 00 00 00 00 00 00 00 00 00 00 00 00 00 00 00 00 00 00 
                00 00 00 00 00 00 00 00 00 00 00 00 00 00 00 00 00 00 00 00 00 00 00 00 00 00 00 00 00 00 00 00 
hits:           0

dev_no:         0
id:             38
next:           39
type:           1
flags:          0x0
prio:           100
chan:           0
desc:           Filter swp10s2
dest_type:      1
dest_id:        37
dest_proto:     0x0
mirror_type:    0
mirror_id:      0
mirror_proto:   0x0
oob_offset:     1
oob_size:       75
pkt_offset:     0
pkt_size:       0
filt_data:      2c 00 00 00 00 00 00 00 00 00 00 00 00 00 00 00 00 00 00 00 00 00 00 00 00 00 00 00 00 00 00 00 
                00 00 00 00 00 00 00 00 00 00 00 00 00 00 00 00 00 00 00 00 00 00 00 00 00 00 00 00 00 00 00 00 
                00 00 00 00 00 00 00 00 00 00 00 
filt_mask:      ffffffff 00 00 00 00 00 00 00 00 00 00 00 00 00 00 00 00 00 00 00 00 00 00 00 00 00 00 00 00 00 00 00 
                00 00 00 00 00 00 00 00 00 00 00 00 00 00 00 00 00 00 00 00 00 00 00 00 00 00 00 00 00 00 00 00 
                00 00 00 00 00 00 00 00 00 00 00 
user_data:      00 00 00 00 00 00 00 00 00 00 00 00 00 00 00 00 00 00 00 00 00 00 00 00 00 00 00 00 00 00 00 00 
                00 00 00 00 00 00 00 00 00 00 00 00 00 00 00 00 00 00 00 00 00 00 00 00 00 00 00 00 00 00 00 00 
hits:           0

dev_no:         0
id:             39
next:           40
type:           1
flags:          0x0
prio:           100
chan:           0
desc:           Filter swp10s1
dest_type:      1
dest_id:        38
dest_proto:     0x0
mirror_type:    0
mirror_id:      0
mirror_proto:   0x0
oob_offset:     1
oob_size:       75
pkt_offset:     0
pkt_size:       0
filt_data:      2a 00 00 00 00 00 00 00 00 00 00 00 00 00 00 00 00 00 00 00 00 00 00 00 00 00 00 00 00 00 00 00 
                00 00 00 00 00 00 00 00 00 00 00 00 00 00 00 00 00 00 00 00 00 00 00 00 00 00 00 00 00 00 00 00 
                00 00 00 00 00 00 00 00 00 00 00 
filt_mask:      ffffffff 00 00 00 00 00 00 00 00 00 00 00 00 00 00 00 00 00 00 00 00 00 00 00 00 00 00 00 00 00 00 00 
                00 00 00 00 00 00 00 00 00 00 00 00 00 00 00 00 00 00 00 00 00 00 00 00 00 00 00 00 00 00 00 00 
                00 00 00 00 00 00 00 00 00 00 00 
user_data:      00 00 00 00 00 00 00 00 00 00 00 00 00 00 00 00 00 00 00 00 00 00 00 00 00 00 00 00 00 00 00 00 
                00 00 00 00 00 00 00 00 00 00 00 00 00 00 00 00 00 00 00 00 00 00 00 00 00 00 00 00 00 00 00 00 
hits:           416257

dev_no:         0
id:             40
next:           41
type:           1
flags:          0x0
prio:           100
chan:           0
desc:           Filter swp9s3
dest_type:      1
dest_id:        39
dest_proto:     0x0
mirror_type:    0
mirror_id:      0
mirror_proto:   0x0
oob_offset:     1
oob_size:       75
pkt_offset:     0
pkt_size:       0
filt_data:      30 00 00 00 00 00 00 00 00 00 00 00 00 00 00 00 00 00 00 00 00 00 00 00 00 00 00 00 00 00 00 00 
                00 00 00 00 00 00 00 00 00 00 00 00 00 00 00 00 00 00 00 00 00 00 00 00 00 00 00 00 00 00 00 00 
                00 00 00 00 00 00 00 00 00 00 00 
filt_mask:      ffffffff 00 00 00 00 00 00 00 00 00 00 00 00 00 00 00 00 00 00 00 00 00 00 00 00 00 00 00 00 00 00 00 
                00 00 00 00 00 00 00 00 00 00 00 00 00 00 00 00 00 00 00 00 00 00 00 00 00 00 00 00 00 00 00 00 
                00 00 00 00 00 00 00 00 00 00 00 
user_data:      00 00 00 00 00 00 00 00 00 00 00 00 00 00 00 00 00 00 00 00 00 00 00 00 00 00 00 00 00 00 00 00 
                00 00 00 00 00 00 00 00 00 00 00 00 00 00 00 00 00 00 00 00 00 00 00 00 00 00 00 00 00 00 00 00 
hits:           0

dev_no:         0
id:             41
next:           42
type:           1
flags:          0x0
prio:           100
chan:           0
desc:           Filter swp9s2
dest_type:      1
dest_id:        40
dest_proto:     0x0
mirror_type:    0
mirror_id:      0
mirror_proto:   0x0
oob_offset:     1
oob_size:       75
pkt_offset:     0
pkt_size:       0
filt_data:      2f 00 00 00 00 00 00 00 00 00 00 00 00 00 00 00 00 00 00 00 00 00 00 00 00 00 00 00 00 00 00 00 
                00 00 00 00 00 00 00 00 00 00 00 00 00 00 00 00 00 00 00 00 00 00 00 00 00 00 00 00 00 00 00 00 
                00 00 00 00 00 00 00 00 00 00 00 
filt_mask:      ffffffff 00 00 00 00 00 00 00 00 00 00 00 00 00 00 00 00 00 00 00 00 00 00 00 00 00 00 00 00 00 00 00 
                00 00 00 00 00 00 00 00 00 00 00 00 00 00 00 00 00 00 00 00 00 00 00 00 00 00 00 00 00 00 00 00 
                00 00 00 00 00 00 00 00 00 00 00 
user_data:      00 00 00 00 00 00 00 00 00 00 00 00 00 00 00 00 00 00 00 00 00 00 00 00 00 00 00 00 00 00 00 00 
                00 00 00 00 00 00 00 00 00 00 00 00 00 00 00 00 00 00 00 00 00 00 00 00 00 00 00 00 00 00 00 00 
hits:           0

dev_no:         0
id:             42
next:           43
type:           1
flags:          0x0
prio:           100
chan:           0
desc:           Filter swp9s1
dest_type:      1
dest_id:        41
dest_proto:     0x0
mirror_type:    0
mirror_id:      0
mirror_proto:   0x0
oob_offset:     1
oob_size:       75
pkt_offset:     0
pkt_size:       0
filt_data:      29 00 00 00 00 00 00 00 00 00 00 00 00 00 00 00 00 00 00 00 00 00 00 00 00 00 00 00 00 00 00 00 
                00 00 00 00 00 00 00 00 00 00 00 00 00 00 00 00 00 00 00 00 00 00 00 00 00 00 00 00 00 00 00 00 
                00 00 00 00 00 00 00 00 00 00 00 
filt_mask:      ffffffff 00 00 00 00 00 00 00 00 00 00 00 00 00 00 00 00 00 00 00 00 00 00 00 00 00 00 00 00 00 00 00 
                00 00 00 00 00 00 00 00 00 00 00 00 00 00 00 00 00 00 00 00 00 00 00 00 00 00 00 00 00 00 00 00 
                00 00 00 00 00 00 00 00 00 00 00 
user_data:      00 00 00 00 00 00 00 00 00 00 00 00 00 00 00 00 00 00 00 00 00 00 00 00 00 00 00 00 00 00 00 00 
                00 00 00 00 00 00 00 00 00 00 00 00 00 00 00 00 00 00 00 00 00 00 00 00 00 00 00 00 00 00 00 00 
hits:           1451782

dev_no:         0
id:             43
next:           44
type:           1
flags:          0x2
prio:           50
chan:           0
desc:           Filter VLAN 3966
dest_type:      1
dest_id:        41
dest_proto:     0x0
mirror_type:    0
mirror_id:      0
mirror_proto:   0x0
oob_offset:     0
oob_size:       0
pkt_offset:     12
pkt_size:       4
filt_data:      ffffff81 00 0f 7e 
filt_mask:      ffffffff ffffffff 0f ffffffff 
user_data:      00 00 00 00 00 00 00 00 00 00 00 00 00 00 00 00 00 00 00 00 00 00 00 00 00 00 00 00 00 00 00 00 
                00 00 00 00 00 00 00 00 00 00 00 00 00 00 00 00 00 00 00 00 00 00 00 00 00 00 00 00 00 00 00 00 
hits:           340

dev_no:         0
id:             44
next:           0
type:           1
flags:          0x2
prio:           50
chan:           0
desc:           Filter VLAN 3966
dest_type:      1
dest_id:        38
dest_proto:     0x0
mirror_type:    0
mirror_id:      0
mirror_proto:   0x0
oob_offset:     0
oob_size:       0
pkt_offset:     12
pkt_size:       4
filt_data:      ffffff81 00 0f 7e 
filt_mask:      ffffffff ffffffff 0f ffffffff 
user_data:      00 00 00 00 00 00 00 00 00 00 00 00 00 00 00 00 00 00 00 00 00 00 00 00 00 00 00 00 00 00 00 00 
                00 00 00 00 00 00 00 00 00 00 00 00 00 00 00 00 00 00 00 00 00 00 00 00 00 00 00 00 00 00 00 00 
hits:           0
--------------------------------
Total 1 devices, 44 filters
